242

242

242

242

236

242

242

243

242

242

242

242

242

242

243

241

243

242

242

242

242

234

242

242

242

242

242

242

242

242

238

235

234

243

242

242

242

242

242

242

242

234

242

242

242

242

235

234

242

244

242

235

241

243

242

242

235

242

242

242

243

242

242

243

242

234

242

242

242

242

242

242

242

242

242

243

242

235

234

235

244

242

242

242

242

242

242

242

242

242

243

242

243

242

242

242

235

234

243

242

245

242

242

242

243

242

242

242

242

242

242

239

242

242

233

243

242

242

239

244

241

244

240

232

233

233

233

241

241

242

241

241

242

241

242

242

242

242

242

243

241

241

241

243

241

232

241

233

242

244

241

242

242

242

242

242

232

242

233

242

242

242

242

242

242

242

242

243

242

237

234

234

233

234

242

242

243

241

242

242

242

242

245

242

242

242

242

237

242

242

243

243

242

243

242

243

235

242

242

242

242

242

242

242

242

243

244

245

246

246

248

249

252

243

253

254

257

250

251

252

254

264

264

268

264

265

269

267

268

268

267

268

268

267

271

260

267

267

265

267

267

267

267

267

259

267

258

258

258

268

268

267

269

267

259

267

267

267

266

266

265

254

252

261

252

246

244

242

248

246

247

242

243

242

244

243

246

243

243

234

243

243

242

241

242

243

243

243

242

243

242

242

243

243

243

242

234

243

242

242

243

242

243

242

243

243

245

243

243

234

243

232

234

234

234

243

243

243

243

243

242

243

242

242

243

243

243

243

234

242

242

243

242

242

243

243

242

242

240

242

234

242

242

242

242

242

235

241

242

242

242

242

243

242

243

242

242

242

235

235

227

229

241

240

241

241

241

241

242

241

241

231

241

242

242

241

242

241

242

242

242

241

241

242

241

240

241

241

231

242

241

241

242

242

241

241

237

241

242

234

232

243

241

241

241

232

232

231

232

243

244

242

242

241

242

242

241

242

241

232

243

242

242

242

241

242

241

232

242

242

242

232

242

242

242

241

242

241

242

242

242

242

242

242

242

242

232

242

240

242

242

241

233

232

231

233

241

242

242

242

244

242

